访问者 547 测试结果为： 100 100 100 100 100 100 100 
访问者 Ivan 测试结果为： 10 10 100 10 30 10 10 
访问者 GB12587 测试结果为： 30 100 10 100 30 30 30 
访问者 78910 测试结果为： 30 100 10 100 30 30 30 
访问者 哈哈哈 测试结果为： 
访问者 Liuzy 测试结果为： 10 30 10 100 100 30 30 
访问者 文韬 测试结果为： 100 30 10 30 30 30 30 
访问者 wen 测试结果为： 100 100 30 30 100 10 100 
访问者 胡雅云 测试结果为： 30 30 10 100 10 30 10 
访问者 文韬 测试结果为： 30 30 10 10 30 100 10 
访问者 leegying 测试结果为： 100 30 100 10 100 10 10 
访问者 文韬 测试结果为： 100 30 10 10 30 100 10 
访问者 b b b 测试结果为： 10 10 10 100 30 100 100 
访问者 b b b 测试结果为： 10 10 10 100 30 100 100 
访问者 liszt 测试结果为： 100 30 30 100 100 10 30 
访问者 b b b 测试结果为： 10 10 10 100 30 100 100 
访问者 hong 测试结果为： 30 30 100 100 30 30 30 
访问者 007 测试结果为： 30 100 10 100 30 30 30 
访问者 test 测试结果为： 100 30 100 30 100 30 100 
访问者 ojbk 测试结果为： 100 30 100 30 30 30 30 
访问者 文韬 测试结果为： 100 30 30 30 30 30 30 
访问者  测试结果为： 30 10 10 10 100 10 30 
访问者 114514 测试结果为： 30 10 100 10 100 10 30 
访问者 珍妮 测试结果为： 30 10 30 30 30 30 30 
访问者 雾宓 测试结果为： 30 30 10 100 30 30 10 
访问者 啊 测试结果为： 100 30 10 30 30 30 30 
访问者 哈哈 测试结果为： 100 30 100 30 100 30 100 
访问者 文韬 测试结果为： 10 30 30 100 30 30 100 
访问者 你 测试结果为： 30 10 10 10 10 10 10 
访问者 1 测试结果为： 30 10 30 100 30 30 30 
访问者 云 测试结果为： 10 10 10 30 100 30 30 
访问者 ！ 测试结果为： 10 10 10 10 10 10 10 
访问者 🐯 测试结果为： 30 10 30 10 100 30 30 
访问者 1 测试结果为： 10 10 30 100 30 30 30 
访问者 hi 测试结果为： 30 10 10 10 30 10 10 
访问者 珍妮 测试结果为： 30 10 30 30 30 30 30 
访问者 你的昵称 测试结果为： 10 10 10 10 10 10 30 
访问者 爸爸 测试结果为： 10 100 30 30 100 10 100 
访问者 爸爸 测试结果为： 10 30 30 10 30 100 10 
访问者 test 测试结果为： 100 30 100 30 100 30 100 
访问者 黑渣 测试结果为： 100 10 100 100 10 30 100 
访问者 M 测试结果为： 10 100 30 30 10 30 100 
访问者 我 测试结果为： 100 30 30 30 10 30 100 
访问者 test 测试结果为： 100 30 100 30 100 30 100 
访问者 老挖机 测试结果为： 100 10 10 100 100 30 10 
访问者  测试结果为： 100 10 100 30 10 30 10 
访问者 啊操 测试结果为： 10 10 100 30 100 100 30 
访问者 周伊依 测试结果为： 100 100 10 100 30 100 30 
访问者 李想 测试结果为： 100 100 30 100 30 30 10 
访问者 hyt 测试结果为： 10 10 100 10 30 100 30 
访问者 zbb 测试结果为： 30 100 100 100 30 100 30 
访问者 豆豆 测试结果为： 100 100 100 100 10 100 10 
访问者  测试结果为： 100 10 10 10 10 10 10 
访问者 L 测试结果为： 100 10 100 30 10 30 30 
访问者 文韬哥哥 测试结果为： 30 30 10 10 30 30 10 
访问者 南倾 测试结果为： 100 10 100 10 30 100 10 
访问者 echo 测试结果为： 30 10 100 100 30 10 30 
访问者 文韬哥哥 测试结果为： 30 100 30 30 30 10 10 
访问者 小黑 测试结果为： 100 100 30 10 100 30 30 
访问者 孙悟空 测试结果为： 10 10 10 10 10 10 
访问者 就不告诉你 测试结果为： 30 30 30 30 30 100 30 
访问者 大头 测试结果为： 30 10 100 100 30 100 30 
访问者 藕色 测试结果为： 10 30 30 30 30 10 100 
访问者 lally 测试结果为： 100 100 100 30 30 30 30 
访问者 嘉莹姐姐 测试结果为： 100 100 100 10 30 10 30 
访问者 波师傅 测试结果为： 10 30 10 100 30 100 100 
访问者 纸彧 测试结果为： 30 30 10 30 30 100 30 
访问者 牛牛🐮 测试结果为： 30 100 30 30 10 100 10 
访问者 橙子 测试结果为： 100 10 30 100 30 30 10 
访问者 哭唧唧 测试结果为： 100 100 100 100 100 100 100 
访问者 tree 测试结果为： 10 30 30 100 30 30 10 
访问者 荆小晨 测试结果为： 100 100 100 100 30 100 10 
访问者 李宝宁 测试结果为： 100 30 100 100 30 30 30 
访问者 老宇宙 测试结果为： 100 30 30 100 10 30 30 
访问者 liszt 测试结果为： 100 10 100 100 100 30 10 
访问者 暮旎 测试结果为： 10 30 10 100 30 30 10 
访问者 liszt 测试结果为： 30 10 30 30 100 30 10 
访问者 屁屁 测试结果为： 100 100 30 30 30 30 10 
访问者 眼 测试结果为： 100 100 100 100 100 30 100 
访问者 yigo 测试结果为： 100 100 10 30 30 30 30 
访问者 0404 测试结果为： 30 30 100 30 10 30 10 
访问者 草莓 测试结果为： 100 30 100 100 100 100 10 
访问者 闫北歌 测试结果为： 30 100 30 30 10 100 10 
访问者 短腿木 测试结果为： 100 100 100 100 30 30 30 
访问者 速速 测试结果为： 100 100 100 100 30 100 10 
访问者 VV 测试结果为： 30 30 100 30 30 30 30 
访问者 王烁彤 测试结果为： 30 100 30 30 30 30 30 
访问者 辣辣 测试结果为： 30 10 10 100 100 30 30 
访问者 小苦瓜老婆婆 测试结果为： 30 10 10 30 100 30 100 
访问者 秦峰 测试结果为： 100 100 100 30 10 100 30 
访问者 黄钰 测试结果为： 100 100 10 30 30 
访问者 ❤ 测试结果为： 30 30 10 10 30 10 100 
访问者 黑柚 测试结果为： 10 100 30 100 30 30 10 
访问者 vv 测试结果为： 100 100 100 10 30 30 30 
访问者 草鱼 测试结果为： 100 100 10 100 30 30 30 
访问者 然渊 测试结果为： 30 100 30 30 30 30 10 
访问者 ju 测试结果为： 30 10 100 30 30 100 10 
访问者 阿福 测试结果为： 30 10 30 30 10 100 30 
访问者 123 测试结果为： 30 100 100 100 30 30 30 
访问者 老玉米 测试结果为： 100 100 10 100 100 30 10 
访问者 略略 测试结果为： 30 10 30 30 10 30 30 
访问者 小嘉媛 测试结果为： 100 100 100 100 30 30 30 
访问者 大咕咕咕鸽 测试结果为： 10 10 30 30 10 10 30 
访问者 大妍 测试结果为： 10 10 10 100 30 30 30 
访问者 刘贞良 测试结果为： 10 30 100 30 100 30 30 
访问者 H. 测试结果为： 100 100 100 100 30 100 10 
访问者 小田 测试结果为： 100 100 100 100 100 100 100 
访问者 la 测试结果为： 30 100 100 100 30 30 30 
访问者 Mimi 测试结果为： 10 30 10 10 30 30 30 
访问者 f 测试结果为： 30 100 100 100 30 30 30 
访问者 王娟丽 测试结果为： 30 100 100 100 30 30 30 
访问者 fie 测试结果为： 10 30 100 30 30 30 30 
访问者 波破摸 测试结果为： 30 30 100 100 30 10 30 
访问者 ok 测试结果为： 30 30 30 100 30 30 10 
访问者 Skye H 测试结果为： 30 30 10 100 10 30 30 
访问者 萌琦琦 测试结果为： 100 100 10 100 30 30 30 
访问者 呀 测试结果为： 30 100 30 30 30 10 30 
访问者 张梓华 测试结果为： 30 100 100 100 30 30 30 
访问者 刘裆 测试结果为： 100 10 30 10 100 30 10 
访问者 okyun 测试结果为： 100 30 30 100 30 30 10 
访问者 暮旎 测试结果为： 10 30 10 100 100 30 10 
访问者 暮旎 测试结果为： 30 10 10 100 30 30 10 
访问者 baty 测试结果为： 30 10 30 10 100 10 30 
访问者 采薇小姐 测试结果为： 10 100 100 100 30 30 10 
访问者 暮旎 测试结果为： 10 10 10 100 30 30 10 
访问者 李欣耀 测试结果为： 100 30 10 30 30 10 30 
访问者 Donia 测试结果为： 100 100 100 30 30 30 100 
访问者 妹君 测试结果为： 100 30 30 100 30 30 30 
访问者 略略略 测试结果为： 100 10 10 100 10 100 30 
访问者 赫敏 测试结果为： 10 30 10 10 100 30 30 
访问者 animatinghe 测试结果为： 30 30 10 100 30 10 30 
访问者 罐罐 测试结果为： 30 10 100 100 30 30 10 
访问者 守望 测试结果为： 30 30 100 100 30 30 30 
访问者 kenruan 测试结果为： 30 100 10 100 100 30 30 
访问者 边牙牙 测试结果为： 100 10 100 10 10 30 10 
访问者 h5 测试结果为： 30 10 10 100 30 30 10 
访问者 Vincen 测试结果为： 30 10 10 100 30 30 10 
访问者 锋 测试结果为： 100 10 10 100 100 30 30 
访问者 婷婷 测试结果为： 30 30 10 100 30 30 30 
访问者 嘻嘻 测试结果为： 30 10 100 100 30 30 30 
访问者 哈哈哈哈 测试结果为： 30 30 10 30 30 30 30 
访问者 mao 测试结果为： 30 100 30 30 30 30 10 
访问者 周魔芋 测试结果为： 100 100 30 10 30 10 10 
访问者 e 测试结果为： 100 100 30 100 10 10 30 
访问者 贾颜冰 测试结果为： 30 10 100 10 30 30 30 
访问者 南山 测试结果为： 10 30 10 100 10 30 30 
访问者 你哥 测试结果为： 30 30 100 100 30 30 30 
访问者 你的昵称 测试结果为： 10 100 10 100 10 10 30 
访问者 荷花 测试结果为： 100 30 30 30 100 30 30 
访问者 ss 测试结果为： 30 30 30 100 30 30 30 
访问者 ，， 测试结果为： 10 30 30 30 10 30 30 
访问者 点子 测试结果为： 30 100 10 100 30 100 100 
访问者 陈创伟 测试结果为： 100 30 100 10 30 30 10 
访问者 我不会改昵称 测试结果为： 100 10 100 100 10 30 30 
访问者 獭獭 测试结果为： 100 10 100 30 100 30 30 
访问者 你的昵称 测试结果为： 100 100 100 100 100 100 100 
访问者 蜜蜂 测试结果为： 30 30 100 30 100 30 30 
访问者 刘雨哈 测试结果为： 100 100 100 30 30 30 30 
访问者 小0 测试结果为： 30 30 10 100 30 30 30 
访问者 囧 测试结果为： 100 30 100 30 30 30 30 
访问者 lo0O 测试结果为： 30 10 10 100 10 100 30 
访问者 txt 测试结果为： 30 10 100 100 30 100 10 
访问者 反光体 测试结果为： 30 30 100 100 30 30 30 
访问者 云中仙 测试结果为： 100 100 10 10 100 100 10 
访问者 少女 测试结果为： 30 30 100 10 30 30 30 
访问者 王伟 测试结果为： 100 100 100 10 100 100 30 
访问者 心龙 测试结果为： 100 10 10 100 30 30 30 
访问者 nono 测试结果为： 100 100 10 30 30 30 10 
访问者 ok 测试结果为： 100 30 30 100 30 30 10 
访问者  测试结果为： 100 100 100 10 30 30 30 
访问者 陈一 测试结果为： 100 100 100 30 30 30 30 
访问者 x x x 测试结果为： 10 10 30 100 30 100 100 
访问者 ok 测试结果为： 100 30 30 100 30 30 10 
访问者 蝶子 测试结果为： 100 30 10 100 30 30 30 
访问者 ok 测试结果为： 30 30 30 100 30 30 30 
访问者 no 测试结果为： 30 100 10 30 30 30 10 
访问者 敏 测试结果为： 100 30 100 30 30 30 10 
访问者 喵了个咪 测试结果为： 30 100 10 100 30 30 10 
访问者 ok 测试结果为： 100 30 100 100 30 30 10 
访问者 f 测试结果为： 100 30 30 100 30 10 100 
访问者 司司。 测试结果为： 100 10 30 100 30 30 30 
访问者 飘 测试结果为： 100 100 10 10 100 10 30 
访问者 咸鱼片儿 测试结果为： 100 30 10 30 100 30 10 
访问者 a 测试结果为： 30 10 10 10 10 10 30 
访问者 樊叉叉 测试结果为： 30 30 100 10 10 10 30 
访问者 啊哈 测试结果为： 30 100 100 30 30 10 30 
访问者 f 测试结果为： 100 100 100 100 30 30 30 
访问者 云荒 测试结果为： 30 30 100 100 30 30 30 
访问者 Uncle 测试结果为： 30 10 10 100 30 30 10 
访问者 tuka 测试结果为： 10 30 10 30 100 100 100 
访问者 Jingwen 测试结果为： 30 10 100 100 30 30 10 
访问者 张润杰 测试结果为： 100 100 30 10 10 100 30 
访问者 du 测试结果为： 30 10 100 100 30 30 30 
访问者 穿越de小狐 测试结果为： 100 100 10 10 100 30 30 
访问者 咧 测试结果为： 100 10 10 30 30 30 30 
访问者 l x 测试结果为： 10 30 100 30 30 10 30 
访问者 ss 测试结果为： 30 30 30 30 30 30 30 
访问者 贺兰静霆 测试结果为： 100 100 10 30 30 100 30 
访问者 小肥曾 测试结果为： 100 100 30 100 30 30 30 
访问者 1 测试结果为： 100 100 30 100 30 30 30 
访问者 吴QQ 测试结果为： 30 100 10 100 30 30 10 
访问者 西酱 测试结果为： 30 100 10 100 30 30 30 
访问者 二十个石榴 测试结果为： 30 100 100 30 30 30 10 
访问者 远方的祥子 测试结果为： 10 30 100 30 30 10 30 
访问者 wongkaho 测试结果为： 30 100 10 30 30 30 30 
访问者 可乐 测试结果为： 100 30 30 100 10 30 10 
访问者 你的昵称 测试结果为： 100 10 10 10 100 10 30 
访问者 与行 测试结果为： 100 10 30 30 30 30 10 
访问者 静静 测试结果为： 100 30 30 100 30 30 30 
访问者 龙须虎 测试结果为： 100 100 10 100 30 100 30 
访问者 嘻嘻嘻 测试结果为： 100 100 10 100 100 30 30 
访问者 王宇鹏 测试结果为： 100 30 10 100 30 30 30 
访问者 梵伯 测试结果为： 100 30 100 100 10 30 10 
访问者 尘封思绪 测试结果为： 10 30 10 30 10 100 10 
访问者 幽灵胖胖 测试结果为： 30 100 10 30 30 100 10 
访问者 Qfwfq 测试结果为： 30 100 100 30 10 30 30 
访问者 yumoon 测试结果为： 30 100 100 100 10 30 30 
访问者 嘻嘻嘻 测试结果为： 100 100 10 30 100 30 30 
访问者 嘻嘻嘻 测试结果为： 100 100 10 100 100 30 30 
访问者 郭呀咪 测试结果为： 100 30 10 100 30 30 10 
访问者 陈创伟 测试结果为： 100 30 100 10 30 30 10 
访问者 崔洁予 测试结果为： 30 100 10 100 10 100 30 
访问者 阿浮 测试结果为： 100 100 10 100 100 100 10 
访问者 藍 测试结果为： 30 30 100 100 30 30 30 
访问者 黎日天 测试结果为： 100 10 10 30 30 30 30 
访问者 杜宪 测试结果为： 100 10 10 10 30 10 10 
访问者 子卿 测试结果为： 100 30 100 30 100 100 10 
访问者 哈哈哈 测试结果为： 30 100 10 100 30 10 30 
访问者 不是我 测试结果为： 100 30 100 30 10 30 30 
访问者 Tk 测试结果为： 100 100 100 100 30 30 30 
访问者 田萌萌 测试结果为： 30 10 100 100 30 30 30 
访问者 哦豁 测试结果为： 100 30 100 100 30 30 30 
访问者 酷辉辉 测试结果为： 10 30 10 30 30 30 100 
访问者 胡双 测试结果为： 100 100 100 30 100 30 10 
访问者 哦 测试结果为： 100 30 10 100 30 30 10 
访问者 狗狗 测试结果为： 30 100 30 100 30 100 100 
访问者 小猪子奇 测试结果为： 30 100 100 100 10 30 30 
访问者 王闻 测试结果为： 30 10 10 30 100 30 10 
访问者 膨胀的地球人 测试结果为： 100 10 10 100 30 100 10 
访问者 王大宝 测试结果为： 100 100 10 100 30 30 30 
访问者 王绍卓 测试结果为： 10 100 100 100 10 30 30 
访问者 刘慧 测试结果为： 30 30 10 100 100 30 30 
访问者 kili 测试结果为： 30 30 100 30 10 30 30 
访问者 霁雨 测试结果为： 10 30 30 10 30 30 10 
访问者 tick 测试结果为： 100 30 30 100 10 100 30 
访问者 烤冷面 测试结果为： 100 30 100 100 100 100 30 
访问者 C少年 测试结果为： 10 30 10 30 10 30 10 
访问者 嘻嘻哈哈 测试结果为： 100 10 10 100 10 100 30 
访问者 sfy 测试结果为： 30 100 10 10 10 100 10 
访问者 锅 测试结果为： 30 100 10 100 10 100 100 
访问者 小可爱 测试结果为： 100 100 30 30 100 30 100 
访问者 赖文婷 测试结果为： 30 100 30 100 30 30 30 
访问者 婷婷 测试结果为： 100 100 100 30 30 30 10 
访问者 皮卡丘 测试结果为： 30 10 100 100 30 30 30 
访问者 杨起航 测试结果为： 100 100 100 100 100 100 30 
访问者 李云朵 测试结果为： 100 30 10 30 10 30 10 
访问者 vv 测试结果为： 100 100 10 10 100 10 10 
访问者 愿风裁尘 测试结果为： 30 10 100 100 30 30 30 
访问者 阿喵 测试结果为： 30 30 100 100 30 30 30 
访问者 红薯酱 测试结果为： 100 30 30 100 30 30 30 
访问者 。。。 测试结果为： 30 30 10 30 100 30 10 
访问者 陈庆之 测试结果为： 100 100 100 100 30 30 30 
访问者 healer  测试结果为： 100 100 10 100 30 30 10 
访问者 sphinx 测试结果为： 30 30 100 10 30 100 10 
访问者 monkey 测试结果为： 10 10 10 10 10 30 10 
访问者 阿君 测试结果为： 30 30 30 100 30 100 30 
访问者 ，， 测试结果为： 30 30 10 30 10 30 30 
访问者 小包 测试结果为： 100 30 10 100 30 10 100 
访问者 球球 测试结果为： 100 100 100 100 30 30 30 
访问者 啊呀 测试结果为： 100 30 10 100 10 100 30 
访问者 111 测试结果为： 30 100 10 100 30 100 10 
访问者 說書人 测试结果为： 100 100 100 30 100 30 30 
访问者 Joire 测试结果为： 30 100 30 100 10 100 10 
访问者 IT 测试结果为： 30 10 10 30 100 30 30 
访问者 爆 测试结果为： 10 30 30 100 30 100 10 
访问者 阿波罗 测试结果为： 30 100 100 100 30 10 30 
访问者 阿 测试结果为： 30 100 10 100 30 30 30 
访问者 中二病的少女丫 测试结果为： 100 100 100 30 30 30 30 
访问者 叶子 测试结果为： 10 10 100 100 30 10 30 
访问者 泡沫 测试结果为： 100 100 100 30 10 30 10 
访问者 k 测试结果为： 100 100 30 10 30 100 30 
访问者 阿花 测试结果为： 30 10 100 100 30 30 30 
访问者 单片机 测试结果为： 10 30 10 30 30 30 30 
访问者 阿凡提 测试结果为： 10 100 100 30 30 100 10 
访问者 张增潇 测试结果为： 100 100 100 100 30 30 100 
访问者 来一桶 测试结果为： 100 10 10 100 10 30 10 
访问者 旧里迟暮 测试结果为： 100 100 100 30 10 30 30 
访问者 岸神 测试结果为： 30 30 100 100 30 30 100 
访问者 姜 测试结果为： 100 100 100 100 10 30 30 
访问者 小新 测试结果为： 30 10 30 30 30 30 10 
访问者 十三三 测试结果为： 30 10 100 100 30 30 30 
访问者 流云飞鸟 测试结果为： 100 100 100 30 100 100 10 
访问者 红苹果 测试结果为： 100 30 10 100 10 30 30 
访问者 笔风 测试结果为： 10 30 30 100 100 100 10 
访问者 天空 测试结果为： 100 30 100 100 30 30 30 
访问者 小林 测试结果为： 100 30 10 100 30 10 10 
访问者 可茶 测试结果为： 30 100 10 100 30 30 10 
访问者 lizy 测试结果为： 30 100 30 100 10 30 100 
访问者 li ga 测试结果为： 30 100 10 100 30 30 30 
访问者 穿越de小狐 测试结果为： 100 100 10 10 100 30 30 
访问者 风。 测试结果为： 30 10 100 100 100 10 10 
访问者 愚语 测试结果为： 100 30 100 10 30 100 30 
访问者 大闪电 测试结果为： 100 30 100 100 30 10 30 
访问者 门神 测试结果为： 100 100 100 100 30 30 30 
访问者 kon 测试结果为： 100 30 10 100 30 100 30 
访问者 wyy 测试结果为： 100 100 100 30 30 100 10 
访问者 啾 测试结果为： 100 100 100 10 10 30 10 
访问者 lynn2029 测试结果为： 100 10 10 10 100 10 10 
访问者 007 测试结果为： 100 10 10 30 30 100 30 
访问者 路西 测试结果为： 100 30 100 10 30 30 30 
访问者 碧浪达 测试结果为： 30 10 10 100 30 30 30 
访问者 农 测试结果为： 30 30 100 30 30 30 100 
访问者 林路行 测试结果为： 100 10 100 30 100 30 10 
访问者 圆又方 测试结果为： 30 10 100 30 30 30 30 
访问者 喝茶 测试结果为： 30 100 30 100 30 30 10 
访问者 小飞飞 测试结果为： 30 100 30 100 30 30 100 
访问者 徐机智 测试结果为： 30 100 100 30 30 100 30 
访问者 斑大人 测试结果为： 10 30 30 10 30 30 30 
访问者 ＋哥 测试结果为： 100 30 100 10 10 30 10 
访问者 大哥 测试结果为： 100 10 10 100 30 10 30 
访问者 李李 测试结果为： 30 100 30 100 30 10 30 
访问者 门神 测试结果为： 100 10 30 10 100 100 30 
访问者 纯洁兽 测试结果为： 10 100 30 30 30 30 30 
访问者 门神 测试结果为： 10 100 30 100 30 30 30 
访问者 dog 测试结果为： 100 100 100 100 30 30 100 
访问者 耿耿 测试结果为： 30 10 10 30 30 30 10 
访问者 双石季 测试结果为： 30 10 100 100 30 30 30 
访问者 肖木冉 测试结果为： 100 30 100 100 30 30 30 
访问者 EK 测试结果为： 100 100 100 30 10 100 30 
访问者 逸星 测试结果为： 30 30 100 100 30 30 30 
访问者 超琉 测试结果为： 30 10 10 100 10 100 10 
访问者 皓子 测试结果为： 30 30 10 30 30 10 30 
访问者 小熊 测试结果为： 100 100 100 100 10 100 10 
访问者 百里海宁 测试结果为： 100 10 100 100 30 30 100 
访问者 bycake 测试结果为： 100 100 100 30 30 30 30 
访问者 bymyside 测试结果为： 10 100 100 100 30 100 30 
访问者 林浅夏 测试结果为： 30 30 100 100 30 100 30 
访问者 门神 测试结果为： 100 100 100 10 100 100 30 
访问者 心若 测试结果为： 10 10 10 100 30 30 10 
访问者 门神 测试结果为： 100 10 100 10 100 100 30 
访问者 木欣欣 测试结果为： 30 30 100 30 10 30 10 
访问者 杏子啊 测试结果为： 100 100 100 100 10 100 30 
访问者 哇咔咔 测试结果为： 30 30 100 100 30 30 30 
访问者 邹慧 测试结果为： 30 100 100 30 30 30 10 
访问者 李欢 测试结果为： 10 100 30 100 30 10 10 
访问者 你的昵称 测试结果为： 100 100 30 30 10 30 10 
访问者 千 测试结果为： 30 100 30 30 10 30 30 
访问者 你的昵称 测试结果为： 100 100 30 30 10 30 30 
访问者 邪恶反派阿胖多 测试结果为： 100 10 100 100 30 30 10 
访问者 yyy 测试结果为： 100 10 10 10 30 10 30 
访问者 2号黑天鹅 测试结果为： 30 30 10 100 10 30 30 
访问者 xii 测试结果为： 30 100 10 100 30 100 30 
访问者 十八 测试结果为： 100 30 30 100 10 30 30 
访问者 CC 测试结果为： 10 30 100 100 10 100 10 
访问者 M 测试结果为： 30 10 100 30 30 30 10 
访问者 Thor 测试结果为： 10 30 100 10 30 100 10 
访问者 阿诺 测试结果为： 100 10 30 10 30 100 10 
访问者 过哈哈哈 测试结果为： 100 10 10 30 30 30 10 
访问者 杨旸 测试结果为： 100 100 100 100 30 100 30 
访问者 星轨 测试结果为： 100 100 100 100 10 30 10 
访问者 老农 测试结果为： 100 100 100 10 100 30 30 
访问者 快乐小欣 测试结果为： 30 10 100 30 30 30 10 
访问者 一 测试结果为： 100 100 10 100 10 30 10 
访问者 王总 测试结果为： 30 10 30 30 10 30 10 
访问者 小狐狸 测试结果为： 30 30 10 30 30 30 10 
访问者 争夕 测试结果为： 100 30 30 100 30 30 30 
访问者 healer  测试结果为： 100 100 10 100 30 30 10 
访问者 迟三金 测试结果为： 30 10 100 30 30 10 30 
访问者 一暄 测试结果为： 30 100 100 10 10 30 10 
访问者 Cigar 测试结果为： 30 100 100 100 10 30 30 
访问者 111 测试结果为： 30 10 100 10 30 100 10 
访问者 Onism 测试结果为： 30 100 10 100 30 30 30 
访问者 张家怡 测试结果为： 10 100 100 10 100 10 100 
访问者 萧 测试结果为： 100 10 100 100 30 30 30 
访问者 安筱榆 测试结果为： 100 30 30 10 30 10 30 
访问者 大白 测试结果为： 30 10 10 30 10 100 30 
访问者 你的昵称 测试结果为： 10 10 10 10 10 
访问者 祝康慧 测试结果为： 100 10 30 100 30 30 10 
访问者 麦子 测试结果为： 100 100 100 10 100 30 10 
访问者 腰子 测试结果为： 100 100 10 10 10 10 30 
访问者 爸爸 测试结果为： 30 30 30 100 30 30 10 
访问者 你的昵称 测试结果为： 10 100 10 30 10 10 10 
访问者 yannay 测试结果为： 100 10 10 100 100 100 10 
访问者 eric 测试结果为： 100 100 100 30 30 100 10 
访问者 幽灵胖胖 测试结果为： 30 100 10 100 30 100 10 
访问者 JJ 测试结果为： 10 100 100 100 100 30 30 
访问者 陈阿呆 测试结果为： 10 100 30 30 30 10 30 
访问者 思序姐 测试结果为： 100 30 100 100 30 10 30 
访问者 尘 测试结果为： 100 100 30 100 30 30 10 
访问者 东东 测试结果为： 30 30 30 100 30 30 10 
访问者 小有 测试结果为： 100 100 100 10 30 30 10 
访问者 大笨象 测试结果为： 100 100 30 10 10 100 10 
访问者 安大大 测试结果为： 100 30 100 10 30 30 10 
访问者 1 测试结果为： 30 30 100 10 10 100 30 
访问者 嵘 测试结果为： 30 30 30 100 100 30 30 
访问者 1 测试结果为： 30 100 30 100 10 30 30 
访问者 催化剂 测试结果为： 30 10 30 100 10 30 30 
访问者 007 测试结果为： 100 100 10 100 30 30 10 
访问者 來 测试结果为： 100 10 100 100 30 10 30 
访问者 白皛皛 测试结果为： 100 30 100 30 10 100 10 
访问者 蜗牛 测试结果为： 100 100 100 10 100 30 10 
访问者 雅仪 测试结果为： 30 30 10 30 10 30 10 
访问者 米獾 测试结果为： 10 100 100 100 30 30 30 
访问者 竹井 测试结果为： 10 100 10 10 30 30 10 
访问者 卢狗狗 测试结果为： 100 30 30 10 30 30 30 
访问者 m 测试结果为： 100 10 10 30 30 100 10 
访问者 Mogi 测试结果为： 100 10 100 100 10 100 10 
访问者 爆米花 测试结果为： 100 10 30 10 30 30 10 
访问者 么来 测试结果为： 30 30 10 30 30 30 10 
访问者 好 测试结果为： 10 10 10 10 10 10 10 
访问者 好 测试结果为： 100 100 100 100 100 100 
访问者 凄夏 测试结果为： 30 10 100 100 30 10 30 
访问者 fie 测试结果为： 30 100 30 100 30 30 30 
访问者 方鑫 测试结果为： 30 10 100 30 30 30 100 
访问者 哆哆哆 测试结果为： 100 100 30 30 30 30 30 
访问者 小小洁 测试结果为： 30 30 100 100 30 30 10 
访问者 Zoe 测试结果为： 100 100 100 30 30 100 30 
访问者 小小洁 测试结果为： 30 30 100 30 30 100 10 
访问者 君莫笑 测试结果为： 100 10 100 30 30 10 30 
访问者 ，，， 测试结果为： 100 30 100 100 100 100 30 
访问者 o 测试结果为： 30 30 100 10 30 30 30 
访问者 backtrack 测试结果为： 10 30 10 30 30 30 30 
访问者 晓晓 测试结果为： 30 10 30 100 30 10 100 
访问者 锦 测试结果为： 30 30 10 30 30 30 30 
访问者 姚璐阳 测试结果为： 30 30 100 100 30 30 30 
访问者 阿超 测试结果为： 100 10 10 10 30 10 10 
访问者 郑舒琳 测试结果为： 30 100 30 100 30 30 30 
访问者 申辉 测试结果为： 100 10 100 100 30 10 100 
访问者 rainie 测试结果为： 30 100 30 10 30 10 30 
访问者 你的昵称 测试结果为： 100 100 100 100 30 30 30 
访问者 林 测试结果为： 30 30 100 100 100 30 30 
访问者 Kec 测试结果为： 100 10 10 10 30 30 10 
访问者 赵益 测试结果为： 10 10 100 100 30 10 30 
访问者 描玥 测试结果为： 30 30 100 30 30 30 30 
访问者 嘤嘤嘤 测试结果为： 100 10 100 100 30 10 30 
访问者 李聪豪 测试结果为： 30 10 30 100 30 30 30 
访问者 杨佳欣 测试结果为： 100 30 100 10 30 30 10 
访问者 醒来 测试结果为： 100 30 100 100 30 30 
访问者 醒来 测试结果为： 100 30 100 30 30 100 100 
访问者 王哈哈 测试结果为： 30 10 100 100 30 100 30 
访问者 汤圆 测试结果为： 30 30 100 10 30 30 30 
访问者 Deckard 测试结果为： 30 100 30 30 10 30 30 
访问者 W 测试结果为： 100 100 100 30 30 30 10 
访问者 豆花花花花 测试结果为： 30 10 10 100 30 10 30 
访问者 豆花花花花 测试结果为： 10 30 30 30 10 30 100 
访问者 萌琦琦 测试结果为： 100 100 10 100 30 30 30 
访问者 水 测试结果为： 30 30 30 100 30 100 30 
访问者 乌啦啦 测试结果为： 100 30 100 10 100 30 30 
访问者 Maggie 测试结果为： 30 30 100 100 30 30 30 
访问者 珊珊 测试结果为： 10 100 30 100 10 100 10 
访问者 333 测试结果为： 30 10 100 100 100 30 100 
访问者 某鹿 测试结果为： 100 100 30 100 30 100 10 
访问者 三分钟 测试结果为： 100 100 10 100 30 30 30 
访问者 wuj 测试结果为： 30 100 10 30 30 30 30 
访问者 巫班 测试结果为： 10 100 100 10 30 30 30 
访问者 李彩 测试结果为： 100 100 30 10 30 30 30 
访问者 无人岛 测试结果为： 30 30 10 30 10 100 30 
访问者 Siii 测试结果为： 100 100 10 10 10 100 10 
访问者 郭大纯 测试结果为： 30 100 100 100 10 30 10 
访问者 LH 测试结果为： 100 30 30 100 
访问者 即刻 测试结果为： 30 30 10 10 10 30 30 
访问者 lxq 测试结果为： 30 30 100 100 30 30 30 
访问者 yogurt 测试结果为： 30 30 100 100 30 10 100 
访问者 王丹晨 测试结果为： 30 10 100 30 30 30 30 
访问者 NAAZI 测试结果为： 100 30 100 100 30 100 30 
访问者 哈哈哈 测试结果为： 100 30 30 10 30 30 30 
访问者 月亮与小丑 测试结果为： 30 30 10 30 10 100 30 
